    0
         0
         0
         0
         0
         0
         0
         0
    0.6643
    1.1070
    1.1311
    1.0626
    1.0181
    1.0036
    1.0005
    1.0000
    0.3357
   -0.1070
   -0.1311
   -0.0626
   -0.0181
   -0.0036
   -0.0005
         0
    0.6643
    1.1070
    1.1311
    1.0626
    1.0181
    1.0036
    1.0005
    1.0000
    0.3357
   -0.1070
   -0.1311
   -0.0626
   -0.0181
   -0.0036
   -0.0005
    0.6643
    1.1070
    1.1311
    1.0626
    1.0181
    1.0036
    1.0005
    1.0000
    0.3357
   -0.1070
   -0.1311
   -0.0626
   -0.0181
   -0.0036
   -0.0005
    0.6643
    1.1070
    1.1311
    1.0626
    1.0181
    1.0036
    1.0005
    1.0000
    0.3357
   -0.1070
   -0.1311
   -0.0626
   -0.0181
   -0.0036
   -0.0005
    0.6643
    1.1070
    1.1311
    1.0626
    1.0181
    1.0036
    1.0005
    1.0000
    0.3357
   -0.1070
   -0.1311
   -0.0626
   -0.0181
   -0.0036
   -0.0005
         0
